2
147
1
66
0 0 
10 10 
0 0 
0.1 0.1 
0.154588 0.337867 
0.448656 0.538278 
0.592037 0.665957 
0.743761 0.788117 
1.5523 0.563368 
2.35622 0.912936 
2.57367 1.01529 
0.0466933 0.089114 
2.75912 1.33283 
3.35698 1.3923 
3.74999 2.11928 
3.87225 2.41951 
5.19883 3.0195 
5.28675 3.29753 
5.39354 1.42338 
5.12801 3.58568 
5.30213 3.90219 
5.65069 4.06648 
2.66213 2.97281 
1.91569 3.21473 
6.77206 0.562151 
5.81141 4.28574 
2.75887 2.72897 
5.93408 4.74169 
4.84939 2.05359 
4.68459 4.57961 
7.44438 1.0828 
4.48568 5.24176 
5.72405 3.61339 
2.25105 4.25153 
4.54752 5.66201 
3.45561 1.68981 
4.91897 0.635395 
5.04807 1.47496 
4.25338 5.98033 
3.03049 4.26557 
6.34202 4.97017 
6.63756 5.36494 
1.91351 1.77892 
4.75265 1.55553 
7.32017 4.05591 
5.68743 6.82241 
7.21915 4.75295 
4.05939 6.77831 
5.17014 6.62984 
3.69306 7.10846 
5.49547 3.45988 
3.74981 8.4698 
4.56099 2.71889 
2.978 7.39189 
1.9599 7.61315 
3.97656 5.009 
1.55301 8.17647 
1.41479 4.76007 
8.43043 6.26759 
1.97851 8.42158 
1.09928 7.43126 
8.04122 3.6437 
1.40263 7.33085 
7.07999 6.00238 
2.52724 1.44475 
8.62191 6.72291 
8.06238 8.52626 
1.15604 5.53209 
8.71629 9.02362 
4.54512 7.5222 
5.43443 0.738853 
2.01941 6.96219 
4.36689 2.32429 
5.32579 6.28681 
5.04135 9.63042 
9.24802 1.89947 
1.7835 9.95178 
9.98016 0.975066 
0.943937 4.37727 
0.484329 8.9462 
2.27302 7.69066 
2.01971 6.28071 
4.51613 4.66353 
6.34724 8.54793 
6.24775 7.20908 
3.75134 1.84271 
5.55132 9.05087 
1.8894 6.04724 
5.84613 3.51299 
0.803858 7.40745 
6.2038 6.91122 
1.49113 5.76037 
9.11557 6.14704 
0.432142 6.67776 
3.15012 5.69201 
1.73925 1.08554 
8.51222 7.44316 
3.26914 0.793481 
6.4098 8.20002 
4.48256 4.08979 
4.6556 5.01205 
3.23038 7.37999 
8.26685 9.59075 
7.25028 3.00058 
1.27232 0.657369 
5.24583 6.09638 
0.722678 8.75637 
3.22123 1.04801 
2.27088 2.90292 
5.51164 6.62801 
4.92538 3.79131 
7.93359 5.09262 
6.88162 5.32151 
3.95184 0.0589007 
1.0062 6.23066 
4.91501 7.47337 
3.80108 7.85363 
3.57097 9.55718 
1.7658 3.74248 
7.43278 9.5172 
0.278329 3.29844 
6.3921 1.31626 
8.64315 5.96881 
8.53969 0.146794 
7.07907 6.17145 
0.659505 1.6892 
3.40983 3.19407 
6.61 8.02393 
5.26536 6.11103 
9.00601 1.4481 
4.02417 2.537 
8.5519 0.661641 
5.73351 3.02286 
2.25562 3.1135 
8.08039 1.34709 
7.8811 8.9523 
7.43797 6.15223 
8.56655 2.28492 
2.29438 2.4955 
9.84832 0.538041 
5.24674 4.26801 
2.58797 8.91537 
1.4655 1.25095 
0.801111 0.470901 
3.36406 9.14701 
4.32783 9.46165 
5.34227 8.42097 
3.97687 2.59163 
10 10 
0
0
1
2
3
4
5
6
7
1
8
10
11
12
13
14
14
15
17
18
13
20
16
19
20
23
16
18
22
27
19
21
29
11
16
16
32
31
25
38
10
35
38
32
42
36
43
45
15
47
14
47
51
29
52
31
44
54
54
42
58
39
10
56
63
55
64
45
34
52
50
46
49
28
57
73
55
54
52
69
27
72
43
12
72
79
30
58
82
65
56
87
53
6
63
11
81
27
29
51
66
59
6
71
77
95
20
43
17
44
39
95
89
67
49
49
21
100
76
22
56
28
61
5
20
96
103
73
13
121
48
106
28
64
122
73
106
75
18
57
93
4
115
72
84
128
66
